72.0
38.333333333
58.0
43.0
59.333333333
71.0
75.666666667
61.666666667
68.333333333
72.333333333
43.333333333
76.333333333
57.0
87.333333333
64.333333333
40.0
66.0
58.666666667
90.0
57.0
56.333333333
45.0
78.0
59.666666667
77.666666667
56.0
74.666666667
49.666666667
62.0
58.333333333
72.0
82.333333333
73.666666667
72.333333333
82.666666667
40.333333333
42.666666667
41.333333333
80.666666667
69.0
51.0
64.666666667
56.0
80.666666667
41.333333333
68.666666667
52.0
70.333333333
39.0
51.0
41.333333333
43.0
57.333333333
85.666666667
65.0
56.666666667
64.0
68.666666667
40.0
77.666666667
65.0
70.333333333
67.666666667
57.333333333
64.333333333
69.666666667
76.333333333
79.0
65.0
67.666666667
48.0
92.666666667
82.666666667
65.333333333
71.333333333
79.0
60.666666667
82.0
56.0
62.666666667
62.333333333
68.666666667
63.333333333
58.666666667
69.333333333
75.0
77.666666667
72.0
67.0
60.333333333
63.333333333
61.0
57.333333333
61.666666667
69.333333333
48.666666667
64.333333333
71.0
65.0
47.333333333
49.0
70.333333333
35.333333333
69.333333333
39.0
81.666666667
65.333333333
54.666666667
60.0
46.333333333
35.0
49.0
82.333333333
57.0
61.0
79.333333333
64.666666667
49.666666667
71.666666667
70.0
50.333333333
39.666666667
86.666666667
64.333333333
80.666666667
67.666666667
73.666666667
72.666666667
59.333333333
54.0
69.0
52.666666667
69.666666667
75.0
57.666666667
58.0
32.666666667
38.333333333
64.0
80.333333333
49.666666667
52.333333333
65.0
77.333333333
48.666666667
54.666666667
55.666666667
66.666666667
77.666666667
66.333333333
47.666666667
71.0
62.333333333
66.666666667
49.0
57.333333333
65.0
93.666666667
64.333333333
66.333333333
65.0
55.666666667
51.0
77.0
77.333333333
66.666666667
65.0
56.333333333
47.0
65.666666667
50.666666667
87.333333333
50.333333333
56.666666667
61.965517241
62.908045977
63.747126437
